%YAML:1.0

image_width: 480
image_height: 640
camera_matrix: !!opencv-matrix
   rows: 3
   cols: 3
   dt: d
   data: [ 633.8145502104096, 0, 347.8815529903506, 0, 631.0511591091804, 242.3731716857645, 0, 0, 1]

distortion_coefficients: !!opencv-matrix
   rows: 1
   cols: 5
   dt: d
   data: [0.009907137139886255, -0.1435477708863874, -0.00567364092424012, 0.009252174002635725, 0.4189659867433238]
